,wif,jupSOL,usdt,usdc,link,bonk,sol
wif,100,41,-90,-75,-13,26,36
jupSOL,41,100,-61,-36,-5,54,100
usdt,-90,-61,100,87,-8,-55,-56
usdc,-75,-36,87,100,-46,-56,-28
link,-13,-5,-8,-46,100,13,-10
bonk,26,54,-55,-56,13,100,52
sol,36,100,-56,-28,-10,52,100
