,wif,jupSOL,usdt,usdc,link,bonk,sol
wif,100,34,-68,-58,1,19,30
jupSOL,34,100,-73,-65,23,-7,100
usdt,-68,-73,100,91,-37,13,-69
usdc,-58,-65,91,100,-67,18,-61
link,1,23,-37,-67,100,6,20
bonk,19,-7,13,18,6,100,-9
sol,30,100,-69,-61,20,-9,100
