,wif,jupSOL,usdt,usdc,link,bonk,sol
wif,100,24,-65,-45,-23,30,21
jupSOL,24,100,-71,-58,10,-4,100
usdt,-65,-71,100,92,-24,10,-67
usdc,-45,-58,92,100,-58,21,-52
link,-23,10,-24,-58,100,-18,5
bonk,30,-4,10,21,-18,100,-5
sol,21,100,-67,-52,5,-5,100
